Version 0.9.7
5
 4 10 175 77 128 0 1
 5 80 400 206 81 2 2
 0 220 220 877 276 8 3
 1 257 507 206 81 140 4
 3 489 592 203 58 150 5
 0
8
 4210816 5 507 416 507 416 71 416 71 416 71 288 71 288 0 3 0 1
 255 5 272 518 272 501 152 501 152 202 71 202 71 202 0 4 0 1
 4210816 5 272 576 272 576 97 576 97 275 71 275 71 275 0 4 0 1
 255 5 429 299 429 299 429 164 71 164 71 189 71 189 0 3 0 1
 4210816 5 500 629 124 629 124 258 71 258 71 262 71 262 0 5 0 1
 16711680 5 429 390 429 390 313 390 313 390 313 518 313 518 0 3 0 4
 16711680 5 442 403 442 403 332 403 332 403 332 518 332 518 0 3 0 4
 16711680 5 455 429 455 429 462 429 462 636 535 636 535 636 0 3 0 5
1
 7008 1 14 423 338 5 0 0 8583448 3
