Version 0.9.7
5
 4 10 175 77 128 0 1
 5 80 400 206 81 2 2
 0 222 113 877 276 8 3
 3 222 391 203 58 140 4
 1 221 451 206 81 149 5
 0
36
 255 5 71 189 71 189 63 189 63 127 275 127 275 127 0 1 0 3
 65793 5 71 249 71 249 57 249 57 140 275 140 275 140 0 1 0 3
 65793 5 71 262 71 262 96 262 96 368 275 368 275 361 0 1 0 3
 255 5 71 202 71 202 90 202 90 374 275 374 275 374 0 1 0 3
 65793 5 71 275 71 275 102 275 102 392 236 392 236 520 0 1 0 5
 65793 5 71 288 84 288 84 380 242 380 242 428 233 428 0 1 0 4
 255 5 71 215 71 215 108 215 108 386 236 386 236 462 0 1 0 5
 65280 5 277 462 277 462 277 445 334 445 334 283 353 283 0 5 0 3
 65280 5 315 462 315 462 315 451 361 451 361 283 366 283 0 5 0 3
 8454143 5 277 475 277 475 277 467 517 467 517 283 522 283 0 5 0 3
 8454143 5 315 475 315 475 315 480 530 480 530 283 535 283 0 5 0 3
 33023 5 379 283 379 283 379 288 392 288 392 283 392 283 0 3 0 3
 255 5 353 179 353 179 353 179 353 127 353 127 353 127 0 3 0 3
 255 5 522 179 522 179 522 179 522 127 522 127 522 127 0 3 0 3
 255 5 691 179 691 179 691 179 691 127 691 127 691 127 0 3 0 3
 65793 5 431 322 431 322 431 322 431 361 431 361 431 361 0 3 0 3
 65793 5 600 322 600 322 600 322 600 361 600 361 600 361 0 3 0 3
 65793 5 769 322 769 322 769 322 769 361 769 361 769 361 0 3 0 3
 65793 5 405 322 405 322 405 322 405 361 405 361 405 361 0 3 0 3
 33023 5 379 296 379 296 379 302 561 302 561 296 561 296 0 3 0 3
 65793 5 574 322 574 322 574 322 574 361 574 361 574 361 0 3 0 3
 16711680 5 548 283 548 283 548 289 691 289 691 283 691 283 0 3 0 3
 16711680 5 587 283 587 283 587 277 704 277 704 283 704 283 0 3 0 3
 8388863 5 418 283 418 276 279 276 279 435 268 435 268 435 0 3 0 4
 16512 5 366 218 366 224 320 224 320 462 296 462 296 462 0 3 0 5
 16512 5 334 462 334 462 335 462 335 210 379 210 379 218 0 5 0 3
 12632256 5 392 218 392 218 392 213 402 213 402 218 405 218 0 3 0 3
 4194368 5 717 283 712 283 712 212 418 212 418 218 418 218 0 3 0 3
 8388863 5 431 218 431 237 296 237 296 435 288 435 288 435 0 3 0 4
 8388736 5 296 475 257 475 257 185 535 185 535 218 535 218 0 5 0 3
 8388736 5 334 475 334 475 543 475 543 218 548 218 548 218 0 5 0 3
 12632256 5 392 205 392 205 392 198 574 198 574 218 574 218 0 3 0 3
 4194368 5 717 296 711 296 711 196 587 196 587 218 587 218 0 3 0 3
 16711680 5 561 218 561 218 561 165 743 165 743 218 743 218 0 3 0 3
 16711680 5 600 218 600 218 600 224 756 224 756 218 756 218 0 3 0 3
 8388863 5 769 218 769 218 779 218 779 388 308 388 308 435 0 3 0 4
3
 7008 1 14 516 231 5 0 0 0 3
 7032 1 14 685 231 5 0 0 0 3
 7086 1 14 347 231 5 0 0 0 3
