Version 0.9.7
5
 4 10 175 77 128 0 1
 5 80 400 206 81 2 2
 0 98 167 877 276 8 3
 1 269 526 206 81 140 4
 3 401 457 203 58 150 5
 0
10
 16711680 5 307 337 307 337 301 337 301 537 325 537 325 537 0 3 0 4
 16711680 5 320 350 314 350 314 522 344 522 344 537 344 537 0 3 0 4
 16711680 5 333 376 333 376 333 501 333 501 447 501 447 501 0 3 0 5
 16711680 5 71 189 71 189 71 181 71 181 151 181 151 181 0 1 0 3
 16512 5 71 288 92 288 92 241 151 241 151 194 151 194 0 1 0 3
 16711680 5 307 181 307 181 313 181 313 272 307 272 307 272 0 3 0 3
 16512 5 385 337 385 337 392 337 392 194 385 194 385 194 0 3 0 3
 16512 5 412 494 412 494 405 494 405 194 398 194 398 194 0 5 0 3
 4210816 5 284 595 284 595 248 595 248 194 255 194 255 194 0 4 0 3
 16711680 5 284 537 284 537 262 537 262 181 255 181 255 181 0 4 0 3
1
 7008 1 14 301 285 5 0 0 8583448 3
