Version 0.9.7
5
 4 10 175 77 128 0 1
 5 80 400 206 81 2 2
 0 282 140 877 276 8 3
 3 706 419 203 58 146 4
 1 280 419 206 81 161 5
 0
19
 65793 5 71 249 71 248 90 248 90 167 335 167 335 167 0 1 0 3
 255 5 71 189 71 189 71 133 335 133 335 154 335 154 0 1 0 3
 65793 5 478 310 478 314 486 314 486 167 491 167 491 167 0 3 0 3
 255 5 400 206 400 206 393 206 393 154 400 154 400 154 0 3 0 3
 255 5 295 430 295 430 61 430 61 202 71 202 71 202 0 5 0 1
 4259584 5 336 430 336 358 394 358 394 310 400 310 400 310 0 5 0 3
 255 5 569 206 569 206 564 206 564 154 569 154 569 154 0 3 0 3
 255 5 738 206 738 206 733 206 733 154 738 154 738 154 0 3 0 3
 65793 5 647 310 647 310 655 310 655 167 660 167 660 167 0 3 0 3
 65793 5 816 310 816 310 822 310 822 167 829 167 829 167 0 3 0 3
 65535 5 413 310 413 310 413 315 582 315 582 310 582 310 0 3 0 3
 4259584 5 336 443 336 436 603 436 603 310 608 310 608 310 0 5 0 3
 4210816 5 374 430 374 424 615 424 615 310 621 310 621 310 0 5 0 3
 12632256 5 595 310 595 310 595 317 738 317 738 310 738 310 0 3 0 3
 12632256 5 634 310 634 310 634 304 751 304 751 310 751 310 0 3 0 3
 15790320 5 764 310 764 310 758 310 758 463 752 463 752 463 0 3 0 4
 65793 5 71 262 71 262 90 262 90 488 295 488 295 488 0 1 0 5
 33023 5 355 430 355 430 355 418 569 418 569 310 569 310 0 5 0 3
 0 5 717 456 717 456 705 456 705 167 712 167 712 167 0 4 0 3
3
 7004 1 14 394 258 5 0 0 8583448 3
 7008 1 14 563 258 5 0 0 8583448 3
 7032 1 14 732 258 5 0 0 8583448 3
