Version 0.9.7
5
 4 26 177 77 128 0 1
 5 100 400 206 81 2 2
 0 303 129 877 276 8 3
 1 300 548 206 81 140 5
 3 157 425 203 58 150 6
 0
11
 255 5 315 559 315 543 23 543 23 173 87 173 87 191 0 5 0 1
 65793 5 315 617 321 617 321 537 76 537 76 290 87 290 0 5 0 1
 65793 5 87 277 87 277 98 277 98 390 356 390 356 390 0 1 0 3
 255 5 87 204 87 204 99 204 99 143 356 143 356 143 0 1 0 3
 65793 5 168 462 168 384 104 384 104 264 87 264 87 264 0 6 0 1
 255 5 356 195 356 195 356 195 356 156 356 156 356 156 0 3 0 3
 65793 5 434 338 434 338 434 338 434 377 434 377 434 377 0 3 0 3
 16711680 5 382 299 382 299 382 304 408 304 408 299 408 299 0 3 0 3
 16711680 5 421 299 427 299 427 318 350 318 350 299 356 299 0 3 0 3
 16711680 5 369 299 369 299 369 559 369 559 356 559 356 559 0 3 0 5
 16711680 5 395 299 395 299 389 299 389 559 375 559 375 559 0 3 0 5
3
 7076 1 16 1052 247 5 0 0 0 3
 7076 1 16 935 247 5 0 0 0 3
 7000 1 14 350 247 5 0 0 0 3
